3.1  4.2  7.9  0.0  0.0  1.1  8.2  
-6.7  1.2  3.4  5.6  7.8  0.0  0.0  
9.8  7.6  5.4  3.2  2.1  2.3  4.5  
6.7  8.8  -9.1  2.5  3.6  4.7  -5.5  


1.0  1.3548387096774195  2.5483870967741935  0.0  0.0  0.3548387096774194  2.6451612903225805  
-6.7  1.2  3.4  5.6  7.8  0.0  0.0  
9.8  7.6  5.4  3.2  2.1  2.3  4.5  
6.7  8.8  -9.1  2.5  3.6  4.7  -5.5  


1.0  1.3548387096774195  2.5483870967741935  0.0  0.0  0.3548387096774194  2.6451612903225805  
0.0  10.27741935483871  20.474193548387095  5.6  7.8  2.3774193548387097  17.72258064516129  
0.0  -5.677419354838712  -19.5741935483871  3.2  2.1  -1.1774193548387104  -21.42258064516129  
0.0  -0.2774193548387096  -26.174193548387095  2.5  3.6  2.3225806451612905  -23.22258064516129  


1.0  1.3548387096774195  2.5483870967741935  0.0  0.0  0.3548387096774194  2.6451612903225805  
0.0  1.0  1.9921531701192716  0.5448838669177652  0.7589453860640302  0.23132454488386692  1.7244193345888261  
0.0  -5.677419354838712  -19.5741935483871  3.2  2.1  -1.1774193548387104  -21.42258064516129  
0.0  -0.2774193548387096  -26.174193548387095  2.5  3.6  2.3225806451612905  -23.22258064516129  


1.0  0.0  -0.1506591337099814  -0.7382297551789079  -1.0282485875706215  0.04143126177024481  0.30885122410546106  
0.0  1.0  1.9921531701192716  0.5448838669177652  0.7589453860640302  0.23132454488386692  1.7244193345888261  
0.0  0.0  -8.263904582548651  6.293534212178281  6.408851224105463  0.13590709353421193  -11.632328939108596  
0.0  0.0  -25.621531701192716  2.651161330822348  3.810546139359699  2.386754551161331  -22.744193345888263  


1.0  0.0  -0.1506591337099814  -0.7382297551789079  -1.0282485875706215  0.04143126177024481  0.30885122410546106  
0.0  1.0  1.9921531701192716  0.5448838669177652  0.7589453860640302  0.23132454488386692  1.7244193345888261  
0.0  0.0  1.0  -0.7615690802467261  -0.775523381240315  -0.016445869162286134  1.4076068791589431  
0.0  0.0  -25.621531701192716  2.651161330822348  3.810546139359699  2.386754551161331  -22.744193345888263  


1.0  0.0  0.0  -0.8529670930691869  -1.1450882683601231  0.03895354136914708  0.5209200571237579  
0.0  1.0  0.0  2.062046124396099  2.30390674850354  0.264087235270882  -1.079749172009357  
0.0  0.0  1.0  -0.7615690802467261  -0.775523381240315  -0.016445869162286134  1.4076068791589431  
0.0  0.0  0.0  -16.861405001367324  -16.059550758105196  1.9653861930661491  13.320850931299539  


1.0  0.0  0.0  -0.8529670930691869  -1.1450882683601231  0.03895354136914708  0.5209200571237579  
0.0  1.0  0.0  2.062046124396099  2.30390674850354  0.264087235270882  -1.079749172009357  
0.0  0.0  1.0  -0.7615690802467261  -0.775523381240315  -0.016445869162286134  1.4076068791589431  
0.0  0.0  0.0  1.0  0.9524443993132776  -0.1165612351347217  -0.7900202225270863  


1.0  0.0  0.0  0.0  -0.3326845377678488  -0.06046935652827047  -0.15294119555104313  
0.0  1.0  0.0  0.0  0.33992246619682565  0.5044418784352573  0.5493089660471646  
0.0  0.0  1.0  0.0  -0.05017117606915655  -0.10521530179625851  0.8059519049126762  
0.0  0.0  0.0  1.0  0.9524443993132776  -0.1165612351347217  -0.7900202225270863  


rank = 4
