<<<<<<< HEAD
-8.0  13.0  -6.0  
13.0  -12.0  -3.0  


1.0  -1.625  0.75  
13.0  -12.0  -3.0  


1.0  -1.625  0.75  
0.0  9.125  -12.75  


1.0  -1.625  0.75  
0.0  1.0  -1.3972602739726028  


1.0  0.0  -1.5205479452054793  
0.0  1.0  -1.3972602739726028  
=======
-36.0  23.0  -12.0  
23.0  -27.0  -0.0  


1.0  -0.6388888888888888  0.3333333333333333  
23.0  -27.0  -0.0  


1.0  -0.6388888888888888  0.3333333333333333  
0.0  -12.305555555555557  -7.666666666666666  


1.0  -0.6388888888888888  0.3333333333333333  
0.0  1.0  0.6230248306997741  


1.0  0.0  0.7313769751693  
0.0  1.0  0.6230248306997741  
>>>>>>> origin/master


rank = 2
